6.66666666666666644404E-04 8.64898925755735459298E-02
1.33333333333333328881E-03 8.88895016244285740559E-02
2.00000000000000004163E-03 9.12694392502878537599E-02
2.66666666666666657762E-03 9.36299588840563967729E-02
3.33333333333333311360E-03 9.59713105662503701554E-02
4.00000000000000008327E-03 9.82937409899643510514E-02
4.66666666666666705293E-03 1.00597493543342783595E-01
5.33333333333333402260E-03 1.02882808351561230720E-01
6.00000000000000099226E-03 1.05149922318321431547E-01
6.66666666666666796193E-03 1.07399069166866173441E-01
7.33333333333333493159E-03 1.09630479480518475133E-01
8.00000000000000190126E-03 1.11844380742749605062E-01
8.66666666666666800356E-03 1.14040997376781791384E-01
9.33333333333333410586E-03 1.16220550784729176330E-01
1.00000000000000002082E-02 1.18383259386282926884E-01
1.06666666666666663105E-02 1.20529338656944415287E-01
1.13333333333333324128E-02 1.22659001165811548661E-01
1.19999999999999985151E-02 1.24772456612922855168E-01
1.26666666666666646174E-02 1.26869911866163781466E-01
1.33333333333333307197E-02 1.28951570997739795033E-01
1.39999999999999968220E-02 1.31017635320220982020E-01
1.46666666666666629243E-02 1.33068303422162387273E-01
1.53333333333333290266E-02 1.35103771203304579007E-01
1.59999999999999968636E-02 1.37124231909359045600E-01
1.66666666666666629659E-02 1.39129876166382365765E-01
1.73333333333333290682E-02 1.41120892014743870568E-01
1.79999999999999951705E-02 1.43097464942690905110E-01
1.86666666666666612728E-02 1.45059777919515825451E-01
1.93333333333333273751E-02 1.47008011428329116166E-01
1.99999999999999934774E-02 1.48942343498442625327E-01
2.06666666666666595797E-02 1.50862949737367163516E-01
2.13333333333333256820E-02 1.52770003362428491434E-01
2.19999999999999917843E-02 1.54663675232005720650E-01
2.26666666666666578867E-02 1.56544133876396013294E-01
2.33333333333333239890E-02 1.58411545528310188091E-01
2.39999999999999900913E-02 1.60266074153001897296E-01
2.46666666666666561936E-02 1.62107881478035842360E-01
2.53333333333333222959E-02 1.63937127022697443079E-01
2.59999999999999883982E-02 1.65753968127048956216E-01
2.66666666666666545005E-02 1.67558559980634902420E-01
2.73333333333333206028E-02 1.69351055650841242350E-01
2.79999999999999867051E-02 1.71131606110911632657E-01
2.86666666666666528074E-02 1.72900360267624508825E-01
2.93333333333333189097E-02 1.74657464988635019454E-01
2.99999999999999850120E-02 1.76403065129484448725E-01
3.06666666666666511143E-02 1.78137303560282234116E-01
3.13333333333333172166E-02 1.79860321192062522222E-01
3.19999999999999867883E-02 1.81572257002819870131E-01
3.26666666666666563601E-02 1.83273248063227256477E-01
3.33333333333333259318E-02 1.84963429562039705090E-01
3.39999999999999955036E-02 1.86642934831187018441E-01
3.46666666666666650753E-02 1.88311895370559201357E-01
3.53333333333333346471E-02 1.89970440872487655870E-01
3.60000000000000042188E-02 1.91618699245925616648E-01
3.66666666666666737906E-02 1.93256796640331074411E-01
3.73333333333333433623E-02 1.94884857469255490248E-01
3.80000000000000129341E-02 1.96503004433641437210E-01
3.86666666666666825058E-02 1.98111358544832527606E-01
3.93333333333333520776E-02 1.99710039147298457074E-01
4.00000000000000216493E-02 2.01299163941078912421E-01
4.06666666666666912211E-02 2.02878849003948730223E-01
4.13333333333333607928E-02 2.04449208813307831134E-01
4.20000000000000303646E-02 2.06010356267798983021E-01
4.26666666666666999363E-02 2.07562402708656085215E-01
4.33333333333333695081E-02 2.09105457940786415572E-01
4.40000000000000390799E-02 2.10639630253589366093E-01
4.46666666666667086516E-02 2.12165026441514859012E-01
4.53333333333333782234E-02 2.13681751824364329906E-01
4.60000000000000477951E-02 2.15189910267336997896E-01
4.66666666666667173669E-02 2.16689604200824503799E-01
4.73333333333333869386E-02 2.18180934639956525256E-01
4.80000000000000565104E-02 2.19664001203900227654E-01
4.86666666666667260821E-02 2.21138902134916326414E-01
4.93333333333333956539E-02 2.22605734317174647208E-01
5.00000000000000652256E-02 2.24064593295331515588E-01
5.06666666666667347974E-02 2.25515573292872112399E-01
5.13333333333334043691E-02 2.26958767230220098687E-01
5.20000000000000739409E-02 2.28394266742617313426E-01
5.26666666666667435126E-02 2.29822162197776236336E-01
5.33333333333334130844E-02 2.31242542713307352997E-01
5.40000000000000826561E-02 2.32655496173924780656E-01
5.46666666666667522279E-02 2.34061109248431736818E-01
5.53333333333334217996E-02 2.35459467406489181274E-01
5.60000000000000913714E-02 2.36850654935169491200E-01
5.66666666666667609431E-02 2.38234754955298083656E-01
5.73333333333334305149E-02 2.39611849437585122669E-01
5.80000000000001000866E-02 2.40982019218549836648E-01
5.86666666666667696584E-02 2.42345344016239805374E-01
5.93333333333334392301E-02 2.43701902445747631276E-01
6.00000000000001088019E-02 2.45051772034527132194E-01
6.06666666666667783736E-02 2.46395029237511775655E-01
6.13333333333334479454E-02 2.47731749452037075532E-01
6.20000000000001175171E-02 2.49062007032569782128E-01
6.26666666666667870889E-02 2.50385875305245697575E-01
6.33333333333334497217E-02 2.51703426582218503516E-01
6.40000000000001123546E-02 2.53014732175822043558E-01
6.46666666666667749874E-02 2.54319862412547337271E-01
6.53333333333334376203E-02 2.55618886646838017196E-01
6.60000000000001002531E-02 2.56911873274704660730E-01
6.66666666666667628860E-02 2.58198889747161264285E-01
6.73333333333334255189E-02 2.59480002583485580558E-01
6.80000000000000881517E-02 2.60755277384305150790E-01
6.86666666666667507846E-02 2.62024778844511641029E-01
6.93333333333334134174E-02 2.63288570766004814683E-01
7.00000000000000760503E-02 2.64546716070268972398E-01
7.06666666666667386831E-02 2.65799276810782858504E-01
7.13333333333334013160E-02 2.67046314185265920571E-01
7.20000000000000639488E-02 2.68287888547762198854E-01
7.26666666666667265817E-02 2.69524059420564288114E-01
7.33333333333333892146E-02 2.70754885505978981630E-01
7.40000000000000518474E-02 2.71980424697936151723E-01
7.46666666666667144803E-02 2.73200734093443586836E-01
7.53333333333333771131E-02 2.74415870003889061923E-01
7.60000000000000397460E-02 2.75625887966191251977E-01
7.66666666666667023788E-02 2.76830842753801931178E-01
7.73333333333333650117E-02 2.78030788387560678920E-01
7.80000000000000276446E-02 2.79225778146404424174E-01
7.86666666666666902774E-02 2.80415864577932827384E-01
7.93333333333333529103E-02 2.81601099508831886897E-01
8.00000000000000155431E-02 2.82781534055157379726E-01
8.06666666666666781760E-02 2.83957218632479524434E-01
8.13333333333333408088E-02 2.85128202965890642506E-01
8.20000000000000034417E-02 2.86294536099878038637E-01
8.26666666666666660745E-02 2.87456266408062433015E-01
8.33333333333333287074E-02 2.88613441602805553821E-01
8.39999999999999913403E-02 2.89766108744686223808E-01
8.46666666666666539731E-02 2.90914314251848382664E-01
8.53333333333333166060E-02 2.92058103909221655758E-01
8.59999999999999792388E-02 2.93197522877616467696E-01
8.66666666666666418717E-02 2.94332615702694699866E-01
8.73333333333333045045E-02 2.95463426323818001418E-01
8.79999999999999671374E-02 2.96589998082775141430E-01
8.86666666666666297703E-02 2.97712373732389568026E-01
8.93333333333332924031E-02 2.98830595445008895261E-01
8.99999999999999550360E-02 2.99944704820877927620E-01
9.06666666666666176688E-02 3.01054742896396276830E-01
9.13333333333332803017E-02 3.02160750152262347346E-01
9.19999999999999429345E-02 3.03262766521504800732E-01
9.26666666666666055674E-02 3.04360831397403497345E-01
9.33333333333332682002E-02 3.05454983641300303887E-01
9.39999999999999308331E-02 3.06545261590301987287E-01
9.46666666666665934660E-02 3.07631703064876416143E-01
9.53333333333332560988E-02 3.08714345376342957916E-01
9.59999999999999187317E-02 3.09793225334258959247E-01
9.66666666666665813645E-02 3.10868379253702920018E-01
9.73333333333332439974E-02 3.11939842962456859166E-01
9.79999999999999066302E-02 3.13007651808087428158E-01
9.86666666666665692631E-02 3.14071840664928936260E-01
9.93333333333332318960E-02 3.15132443940967843510E-01
9.99999999999998945288E-02 3.16189495584631108382E-01
1.00666666666666557162E-01 3.17243029091479333825E-01
1.01333333333333219795E-01 3.18293077510805377806E-01
1.01999999999999882427E-01 3.19339673452140482279E-01
1.02666666666666545060E-01 3.20382849091668420183E-01
1.03333333333333207693E-01 3.21422636178549436803E-01
1.03999999999999870326E-01 3.22459066041154374105E-01
1.04666666666666532959E-01 3.23492169593210809886E-01
1.05333333333333195592E-01 3.24521977339862155443E-01
1.05999999999999858225E-01 3.25548519383640599933E-01
1.06666666666666520857E-01 3.26571825430355344722E-01
1.07333333333333183490E-01 3.27591924794896960371E-01
1.07999999999999846123E-01 3.28608846406959032027E-01
1.08666666666666508756E-01 3.29622618816678314424E-01
1.09333333333333171389E-01 3.30633270200194062660E-01
1.09999999999999834022E-01 3.31640828365128315092E-01
1.10666666666666496655E-01 3.32645320755987072836E-01
1.11333333333333159287E-01 3.33646774459484762865E-01
1.11999999999999821920E-01 3.34645216209791374062E-01
1.12666666666666484553E-01 3.35640672393704986298E-01
1.13333333333333147186E-01 3.36633169055749414955E-01
1.13999999999999809819E-01 3.37622731903198358694E-01
1.14666666666666472452E-01 3.38609386311027160676E-01
1.15333333333333135085E-01 3.39593157326793071427E-01
1.15999999999999797717E-01 3.40574069675444623950E-01
1.16666666666666460350E-01 3.41552147764061786450E-01
1.17333333333333122983E-01 3.42527415686526726102E-01
1.17999999999999785616E-01 3.43499897228127459847E-01
1.18666666666666448249E-01 3.44469615870094003629E-01
1.19333333333333110882E-01 3.45436594794068574377E-01
1.19999999999999773515E-01 3.46400856886510954968E-01
1.20666666666666436147E-01 3.47362424743039077679E-01
1.21333333333333098780E-01 3.48321320672706602473E-01
1.21999999999999761413E-01 3.49277566702217490135E-01
1.22666666666666424046E-01 3.50231184580079180080E-01
1.23333333333333086679E-01 3.51182195780694705878E-01
1.23999999999999749312E-01 3.52130621508394636709E-01
1.24666666666666411944E-01 3.53076482701409843923E-01
1.25333333333333074577E-01 3.54019800035785647818E-01
1.25999999999999751088E-01 3.54960593929238621413E-01
1.26666666666666427599E-01 3.55898884544955829146E-01
1.27333333333333104109E-01 3.56834691795338665443E-01
1.27999999999999780620E-01 3.57768035345690738058E-01
1.28666666666666457131E-01 3.58698934617851517004E-01
1.29333333333333133641E-01 3.59627408793775749096E-01
1.29999999999999810152E-01 3.60553476819060081393E-01
1.30666666666666486663E-01 3.61477157406417060059E-01
1.31333333333333163173E-01 3.62398469039097559374E-01
1.31999999999999839684E-01 3.63317429974262084968E-01
1.32666666666666516194E-01 3.64234058246301894979E-01
1.33333333333333192705E-01 3.65148371670110549747E-01
1.33999999999999869216E-01 3.66060387844306445171E-01
1.34666666666666545726E-01 3.66970124154407439931E-01
1.35333333333333222237E-01 3.67877597775957299042E-01
1.35999999999999898748E-01 3.68782825677606063142E-01
1.36666666666666575258E-01 3.69685824624143399841E-01
1.37333333333333251769E-01 3.70586611179486935530E-01
1.37999999999999928280E-01 3.71485201709625290079E-01
1.38666666666666604790E-01 3.72381612385516924668E-01
1.39333333333333281301E-01 3.73275859185945191321E-01
1.39999999999999957812E-01 3.74167957900330305776E-01
1.40666666666666634322E-01 3.75057924131499076381E-01
1.41333333333333310833E-01 3.75945773298412277974E-01
1.41999999999999987343E-01 3.76831520638850947513E-01
1.42666666666666663854E-01 3.77715181212062156568E-01
1.43333333333333340365E-01 3.78596769901364427202E-01
1.44000000000000016875E-01 3.79476301416713457382E-01
1.44666666666666693386E-01 3.80353790297229044093E-01
1.45333333333333369897E-01 3.81229250913683703761E-01
1.46000000000000046407E-01 3.82102697470952878955E-01
1.46666666666666722918E-01 3.82974144010428230178E-01
1.47333333333333399429E-01 3.83843604412393901715E-01
1.48000000000000075939E-01 3.84711092398366483192E-01
1.48666666666666752450E-01 3.85576621533399332975E-01
1.49333333333333428961E-01 3.86440205228351540967E-01
1.50000000000000105471E-01 3.87301856742121808352E-01
1.50666666666666781982E-01 3.88161589183848743101E-01
1.51333333333333458492E-01 3.89019415515076960599E-01
1.52000000000000135003E-01 3.89875348551889766568E-01
1.52666666666666811514E-01 3.90729400967009421475E-01
1.53333333333333488024E-01 3.91581585291864875398E-01
1.54000000000000164535E-01 3.92431913918627695015E-01
1.54666666666666841046E-01 3.93280399102216737806E-01
1.55333333333333517556E-01 3.94127052962271462455E-01
1.56000000000000194067E-01 3.94971887485095485282E-01
1.56666666666666870578E-01 3.95814914525569438997E-01
1.57333333333333547088E-01 3.96656145809034577088E-01
1.58000000000000223599E-01 3.97495592933147290360E-01
1.58666666666666900110E-01 3.98333267369704646654E-01
1.59333333333333576620E-01 3.99169180466441786415E-01
1.60000000000000253131E-01 4.00003343448801618187E-01
1.60666666666666929641E-01 4.00835767421676592015E-01
1.61333333333333606152E-01 4.01666463371123827475E-01
1.62000000000000282663E-01 4.02495442166053540856E-01
1.62666666666666959173E-01 4.03322714559890882491E-01
1.63333333333333635684E-01 4.04148291192212294476E-01
1.64000000000000312195E-01 4.04972182590356277743E-01
1.64666666666666988705E-01 4.05794399171008901561E-01
1.65333333333333665216E-01 4.06614951241764721601E-01
1.66000000000000341727E-01 4.07433849002663439620E-01
1.66666666666667018237E-01 4.08251102547702360290E-01
1.67333333333333694748E-01 4.09066721866325255785E-01
1.68000000000000371259E-01 4.09880716844888304262E-01
1.68666666666667047769E-01 4.10693097268102491615E-01
1.69333333333333724280E-01 4.11503872820454086323E-01
1.70000000000000400791E-01 4.12313053087602354729E-01
1.70666666666667077301E-01 4.13120647557755960033E-01
1.71333333333333753812E-01 4.13926665623027045804E-01
1.72000000000000430322E-01 4.14731116580764724855E-01
1.72666666666667106833E-01 4.15534009634867584904E-01
1.73333333333333783344E-01 4.16335353897075155505E-01
1.74000000000000459854E-01 4.17135158388239724037E-01
1.74666666666667136365E-01 4.17933432039577723582E-01
1.75333333333333812876E-01 4.18730183693901691910E-01
1.76000000000000489386E-01 4.19525422106832746039E-01
1.76666666666667165897E-01 4.20319155947994294031E-01
1.77333333333333842408E-01 4.21111393802186539936E-01
1.78000000000000518918E-01 4.21902144170542836576E-01
1.78666666666667195429E-01 4.22691415471667997217E-01
1.79333333333333871940E-01 4.23479216042758066507E-01
1.80000000000000548450E-01 4.24265554140703327057E-01
1.80666666666667224961E-01 4.25050437943173264888E-01
1.81333333333333901471E-01 4.25833875549684770512E-01
1.82000000000000577982E-01 4.26615874982653797698E-01
1.82666666666667254493E-01 4.27396444188429536215E-01
1.83333333333333931003E-01 4.28175591038313541059E-01
1.84000000000000607514E-01 4.28953323329561819754E-01
1.84666666666667284025E-01 4.29729648786371820623E-01
1.85333333333333960535E-01 4.30504575060853433843E-01
1.86000000000000637046E-01 4.31278109733984948981E-01
1.86666666666667313557E-01 4.32050260316553691453E-01
1.87333333333333990067E-01 4.32821034250082503636E-01
1.88000000000000666578E-01 4.33590438907740793884E-01
1.88666666666667343089E-01 4.34358481595242040818E-01
1.89333333333334019599E-01 4.35125169551726254102E-01
1.90000000000000696110E-01 4.35890509950629778668E-01
1.90666666666667372620E-01 4.36654509900540221956E-01
1.91333333333334049131E-01 4.37417176446038835635E-01
1.92000000000000725642E-01 4.38178516568529019537E-01
1.92666666666667402152E-01 4.38938537187052169042E-01
1.93333333333334078663E-01 4.39697245159090810418E-01
1.94000000000000755174E-01 4.40454647281358691036E-01
1.94666666666667431684E-01 4.41210750290578823662E-01
1.95333333333334108195E-01 4.41965560864249207285E-01
1.96000000000000784706E-01 4.42719085621396557517E-01
1.96666666666667461216E-01 4.43471331123318268652E-01
1.97333333333334137727E-01 4.44222303874312718364E-01
1.98000000000000814238E-01 4.44972010322397915072E-01
1.98666666666667490748E-01 4.45720456860019376144E-01
1.99333333333334167259E-01 4.46467649824746681819E-01
2.00000000000000843769E-01 4.47213595499958871393E-01
2.00666666666667520280E-01 4.47958300115519625351E-01
2.01333333333334196791E-01 4.48701769848441678334E-01
2.02000000000000873301E-01 4.49444010823540851529E-01
2.02666666666667549812E-01 4.50185029114079759971E-01
2.03333333333334226323E-01 4.50924830742402027450E-01
2.04000000000000902833E-01 4.51663421680555954296E-01
2.04666666666667579344E-01 4.52400807850908859287E-01
2.05333333333334255855E-01 4.53136995126752040175E-01
2.06000000000000932365E-01 4.53871989332895964253E-01
2.06666666666667608876E-01 4.54605796246256466109E-01
2.07333333333334285387E-01 4.55338421596431730531E-01
2.08000000000000961897E-01 4.56069871066270615678E-01
2.08666666666667638408E-01 4.56800150292432038945E-01
2.09333333333334314919E-01 4.57529264865935481055E-01
2.10000000000000991429E-01 4.58257220332703441024E-01
2.10666666666667667940E-01 4.58984022194095397928E-01
2.11333333333334344450E-01 4.59709675907433334974E-01
2.12000000000001020961E-01 4.60434186886519380977E-01
2.12666666666667697472E-01 4.61157560502145846826E-01
2.13333333333334373982E-01 4.61879802082596713220E-01
2.14000000000001050493E-01 4.62600916914142012981E-01
2.14666666666667727004E-01 4.63320910241524608342E-01
2.15333333333334403514E-01 4.64039787268439307688E-01
2.16000000000001080025E-01 4.64757553158004821370E-01
2.16666666666667756536E-01 4.65474213033228667591E-01
2.17333333333334433046E-01 4.66189771977465028385E-01
2.18000000000001109557E-01 4.66904235034865167098E-01
2.18666666666667786068E-01 4.67617607210821961683E-01
2.19333333333334462578E-01 4.68329893472406555421E-01
2.20000000000001139089E-01 4.69041098748799734075E-01
2.20666666666667815599E-01 4.69751227931715698016E-01
2.21333333333334492110E-01 4.70460285875820227730E-01
2.22000000000001168621E-01 4.71168277399142021444E-01
2.22666666666667845131E-01 4.71875207283478259601E-01
2.23333333333334521642E-01 4.72581080274794118612E-01
2.24000000000001198153E-01 4.73285901083616233898E-01
2.24666666666667874663E-01 4.73989674385419945679E-01
2.25333333333334551174E-01 4.74692404821011826321E-01
2.26000000000001227685E-01 4.75394096996905157759E-01
2.26666666666667904195E-01 4.76094755485691245589E-01
2.27333333333334580706E-01 4.76794384826404238353E-01
2.28000000000001257217E-01 4.77492989524880950825E-01
2.28666666666667933727E-01 4.78190574054115802305E-01
2.29333333333334610238E-01 4.78887142854609870746E-01
2.30000000000001286748E-01 4.79582700334715228419E-01
2.30666666666667963259E-01 4.80277250870974392605E-01
2.31333333333334639770E-01 4.80970798808454447215E-01
2.32000000000001316280E-01 4.81663348461076779028E-01
2.32666666666667992791E-01 4.82354904111941706901E-01
2.33333333333334669302E-01 4.83045470013648725605E-01
2.34000000000001345812E-01 4.83735050388611753647E-01
2.34666666666668022323E-01 4.84423649429370328789E-01
2.35333333333334698834E-01 4.85111271298896140625E-01
2.36000000000001375344E-01 4.85797920130895066748E-01
2.36666666666668051855E-01 4.86483600030105212131E-01
2.37333333333334728366E-01 4.87168315072590507597E-01
2.38000000000001404876E-01 4.87852069306030200480E-01
2.38666666666668081387E-01 4.88534866750004459490E-01
2.39333333333334757898E-01 4.89216711396275705237E-01
2.40000000000001434408E-01 4.89897607209066221490E-01
2.40666666666668110919E-01 4.90577558125331769645E-01
2.41333333333334787429E-01 4.91256568055031483944E-01
2.42000000000001463940E-01 4.91934640881394047440E-01
2.42666666666668140451E-01 4.92611780461179871171E-01
2.43333333333334816961E-01 4.93287990624940442252E-01
2.44000000000001493472E-01 4.93963275177273120065E-01
2.44666666666668169983E-01 4.94637637897073378923E-01
2.45333333333334846493E-01 4.95311082537782942925E-01
2.46000000000001523004E-01 4.95983612827634867681E-01
2.46666666666668199515E-01 4.96655232469895235869E-01
2.47333333333334876025E-01 4.97325945143101799673E-01
2.48000000000001552536E-01 4.97995754501299014994E-01
2.48666666666668229047E-01 4.98664664174270411134E-01
2.49333333333334905557E-01 4.99332677767767352250E-01
2.50000000000001554312E-01 4.99999798863735300802E-01
2.50666666666668203067E-01 5.00666031020536639318E-01
2.51333333333334851822E-01 5.01331377773170938639E-01
2.52000000000001500577E-01 5.01995842633492173057E-01
2.52666666666668149333E-01 5.02659429090422604780E-01
2.53333333333334798088E-01 5.03322140610165336128E-01
2.54000000000001446843E-01 5.03983980636412143284E-01
2.54666666666668095598E-01 5.04644952590550088800E-01
2.55333333333334744353E-01 5.05305059871865247523E-01
2.56000000000001393108E-01 5.05964305857743212869E-01
2.56666666666668041863E-01 5.06622693903867715726E-01
2.57333333333334690618E-01 5.07280227344416134727E-01
2.58000000000001339373E-01 5.07936909492253452214E-01
2.58666666666667988128E-01 5.08592743639122435440E-01
2.59333333333334636883E-01 5.09247733055832707549E-01
2.60000000000001285638E-01 5.09901880992446820962E-01
2.60666666666667934393E-01 5.10555190678463999276E-01
2.61333333333334583148E-01 5.11207665323002213853E-01
2.62000000000001231903E-01 5.11859308114976596649E-01
2.62666666666667880659E-01 5.12510122223277853060E-01
2.63333333333334529414E-01 5.13160110796946344891E-01
2.64000000000001178169E-01 5.13809276965345507193E-01
2.64666666666667826924E-01 5.14457623838332045452E-01
2.65333333333334475679E-01 5.15105154506425799710E-01
2.66000000000001124434E-01 5.15751872040975278821E-01
2.66666666666667773189E-01 5.16397779494323305727E-01
2.67333333333334421944E-01 5.17042879899969110014E-01
2.68000000000001070699E-01 5.17687176272729865367E-01
2.68666666666667719454E-01 5.18330671608899340441E-01
2.69333333333334368209E-01 5.18973368886404773370E-01
2.70000000000001016964E-01 5.19615271064962969128E-01
2.70666666666667665719E-01 5.20256381086232955191E-01
2.71333333333334314474E-01 5.20896701873968193119E-01
2.72000000000000963229E-01 5.21536236334166236617E-01
2.72666666666667611985E-01 5.22174987355217723461E-01
2.73333333333334260740E-01 5.22812957808051925745E-01
2.74000000000000909495E-01 5.23450150546282522157E-01
2.74666666666667558250E-01 5.24086568406350705729E-01
2.75333333333334207005E-01 5.24722214207666626251E-01
2.76000000000000855760E-01 5.25357090752749611440E-01
2.76666666666667504515E-01 5.25991200827367055837E-01
2.77333333333334153270E-01 5.26624547200671200287E-01
2.78000000000000802025E-01 5.27257132625334468123E-01
2.78666666666667450780E-01 5.27888959837683913179E-01
2.79333333333334099535E-01 5.28520031557833447344E-01
2.80000000000000748290E-01 5.29150350489815290977E-01
2.80666666666667397045E-01 5.29779919321709646951E-01
2.81333333333334045800E-01 5.30408740725772931413E-01
2.82000000000000694556E-01 5.31036817358564450231E-01
2.82666666666667343311E-01 5.31664151861073075445E-01
2.83333333333333992066E-01 5.32290746858840146949E-01
2.84000000000000640821E-01 5.32916604962083706454E-01
2.84666666666667289576E-01 5.33541728765819178726E-01
2.85333333333333938331E-01 5.34166120849980607943E-01
2.86000000000000587086E-01 5.34789783779539340536E-01
2.86666666666667235841E-01 5.35412720104622152917E-01
2.87333333333333884596E-01 5.36034932360627935921E-01
2.88000000000000533351E-01 5.36656423068343269023E-01
2.88666666666667182106E-01 5.37277194734056662284E-01
2.89333333333333830861E-01 5.37897249849672021149E-01
2.90000000000000479616E-01 5.38516590892820445902E-01
2.90666666666667128371E-01 5.39135220326971253968E-01
2.91333333333333777126E-01 5.39753140601541669952E-01
2.92000000000000425882E-01 5.40370354152005849535E-01
2.92666666666667074637E-01 5.40986863400002238045E-01
2.93333333333333723392E-01 5.41602670753440373907E-01
2.94000000000000372147E-01 5.42217778606606137792E-01
2.94666666666667020902E-01 5.42832189340266668687E-01
2.95333333333333669657E-01 5.43445905321773170549E-01
2.96000000000000318412E-01 5.44058928905164052026E-01
2.96666666666666967167E-01 5.44671262431266400839E-01
2.97333333333333615922E-01 5.45282908227795903855E-01
2.98000000000000264677E-01 5.45893868609456878183E-01
2.98666666666666913432E-01 5.46504145878040636930E-01
2.99333333333333562187E-01 5.47113742322523521899E-01
3.00000000000000210942E-01 5.47722660219162715833E-01
3.00666666666666859697E-01 5.48330901831593497953E-01
3.01333333333333508453E-01 5.48938469410922835756E-01
3.02000000000000157208E-01 5.49545365195823976023E-01
3.02666666666666805963E-01 5.50151591412629703548E-01
3.03333333333333454718E-01 5.50757150275424156582E-01
3.04000000000000103473E-01 5.51362043986134975349E-01
3.04666666666666752228E-01 5.51966274734623119080E-01
3.05333333333333400983E-01 5.52569844698773238179E-01
3.06000000000000049738E-01 5.53172756044582047963E-01
3.06666666666666698493E-01 5.53775010926247146514E-01
3.07333333333333347248E-01 5.54376611486253612071E-01
3.07999999999999996003E-01 5.54977559855460822469E-01
3.08666666666666644758E-01 5.55577858153188497425E-01
3.09333333333333293513E-01 5.56177508487301297535E-01
3.09999999999999942268E-01 5.56776512954292979174E-01
3.10666666666666591023E-01 5.57374873639370105316E-01
3.11333333333333239779E-01 5.57972592616534646126E-01
3.11999999999999888534E-01 5.58569671948666246486E-01
3.12666666666666537289E-01 5.59166113687602828186E-01
3.13333333333333186044E-01 5.59761919874221636206E-01
3.13999999999999834799E-01 5.60357092538518952729E-01
3.14666666666666483554E-01 5.60951633699689367063E-01
3.15333333333333132309E-01 5.61545545366203824322E-01
3.15999999999999781064E-01 5.62138829535887563082E-01
3.16666666666666429819E-01 5.62731488195997164858E-01
3.17333333333333078574E-01 5.63323523323297381538E-01
3.17999999999999727329E-01 5.63914936884136075435E-01
3.18666666666666376084E-01 5.64505730834519825478E-01
3.19333333333333024839E-01 5.65095907120188312156E-01
3.19999999999999673594E-01 5.65685467676687925298E-01
3.20666666666666322349E-01 5.66274414429445038799E-01
3.21333333333332971105E-01 5.66862749293838730225E-01
3.21999999999999619860E-01 5.67450474175272279176E-01
3.22666666666666268615E-01 5.68037590969244887695E-01
3.23333333333332917370E-01 5.68624101561421846363E-01
3.23999999999999566125E-01 5.69210007827705366523E-01
3.24666666666666214880E-01 5.69795311634303414117E-01
3.25333333333332863635E-01 5.70380014837798876570E-01
3.25999999999999512390E-01 5.70964119285218174582E-01
3.26666666666666161145E-01 5.71547626814098319592E-01
3.27333333333332809900E-01 5.72130539252554748408E-01
3.27999999999999458655E-01 5.72712858419347714545E-01
3.28666666666666107410E-01 5.73294586123948124445E-01
3.29333333333332756165E-01 5.73875724166603595755E-01
3.29999999999999404920E-01 5.74456274338402739232E-01
3.30666666666666053676E-01 5.75036238421340106797E-01
3.31333333333332702431E-01 5.75615618188379696285E-01
3.31999999999999351186E-01 5.76194415403518900298E-01
3.32666666666665999941E-01 5.76772631821850345624E-01
3.33333333333332648696E-01 5.77350269189625175947E-01
3.33999999999999297451E-01 5.77927329244314225143E-01
3.34666666666665946206E-01 5.78503813714669412605E-01
3.35333333333332594961E-01 5.79079724320784805514E-01
3.35999999999999243716E-01 5.79655062774156570882E-01
3.36666666666665892471E-01 5.80229830777742705550E-01
3.37333333333332541226E-01 5.80804030026022544142E-01
3.37999999999999189981E-01 5.81377662205055267819E-01
3.38666666666665838736E-01 5.81950728992538746098E-01
3.39333333333332487491E-01 5.82523232057866491296E-01
3.39999999999999136246E-01 5.83095173062185834212E-01
3.40666666666665785002E-01 5.83666553658454212439E-01
3.41333333333332433757E-01 5.84237375491496124802E-01
3.41999999999999082512E-01 5.84807640198058531489E-01
3.42666666666665731267E-01 5.85377349406866587245E-01
3.43333333333332380022E-01 5.85946504738678819457E-01
3.43999999999999028777E-01 5.86515107806341418062E-01
3.44666666666665677532E-01 5.87083160214842525448E-01
3.45333333333332326287E-01 5.87650663561366082277E-01
3.45999999999998975042E-01 5.88217619435344785117E-01
3.46666666666665623797E-01 5.88784029418513044085E-01
3.47333333333332272552E-01 5.89349895084959385372E-01
3.47999999999998921307E-01 5.89915218001178409679E-01
3.48666666666665570062E-01 5.90479999726122306569E-01
3.49333333333332218817E-01 5.91044241811251924723E-01
3.49999999999998867573E-01 5.91607945800587620155E-01
3.50666666666665516328E-01 5.92171113230759438295E-01
3.51333333333332165083E-01 5.92733745631056962999E-01
3.51999999999998813838E-01 5.93295844523478610455E-01
3.52666666666665462593E-01 5.93857411422781367172E-01
3.53333333333332111348E-01 5.94418447836528529571E-01
3.53999999999998760103E-01 5.94978955265138775843E-01
3.54666666666665408858E-01 5.95538935201933461450E-01
3.55333333333332057613E-01 5.96098389133184469735E-01
3.55999999999998706368E-01 5.96657318538161174359E-01
3.56666666666665355123E-01 5.97215724889177179691E-01
3.57333333333332003878E-01 5.97773609651636506079E-01
3.57999999999998652633E-01 5.98330974284079886161E-01
3.58666666666665301388E-01 5.98887820238230061953E-01
3.59333333333331950143E-01 5.99444148959037081958E-01
3.59999999999998598899E-01 5.99999961884723043148E-01
3.60666666666665247654E-01 6.00555260446826832954E-01
3.61333333333331896409E-01 6.01110046070247983074E-01
3.61999999999998545164E-01 6.01664320173290412264E-01
3.62666666666665193919E-01 6.02218084167706280141E-01
3.63333333333331842674E-01 6.02771339458738508732E-01
3.63999999999998491429E-01 6.03324087445163415033E-01
3.64666666666665140184E-01 6.03876329519333676643E-01
3.65333333333331788939E-01 6.04428067067219632058E-01
3.65999999999998437694E-01 6.04979301468451580170E-01
3.66666666666665086449E-01 6.05530034096360636475E-01
3.67333333333331735204E-01 6.06080266318019700300E-01
3.67999999999998383959E-01 6.06629999494284533057E-01
3.68666666666665032714E-01 6.07179234979833504227E-01
3.69333333333331681470E-01 6.07727974123208336543E-01
3.69999999999998330225E-01 6.08276218266852852778E-01
3.70666666666664978980E-01 6.08823968747153054792E-01
3.71333333333331627735E-01 6.09371226894475648272E-01
3.71999999999998276490E-01 6.09917994033207122584E-01
3.72666666666664925245E-01 6.10464271481791720397E-01
3.73333333333331574000E-01 6.11010060552770073450E-01
3.73999999999998222755E-01 6.11555362552816506039E-01
3.74666666666664871510E-01 6.12100178782776338515E-01
3.75333333333331520265E-01 6.12644510537703523845E-01
3.75999999999998169020E-01 6.13188359106897507012E-01
3.76666666666664817775E-01 6.13731725773938974200E-01
3.77333333333331466530E-01 6.14274611816727045266E-01
3.77999999999998115285E-01 6.14817018507514467807E-01
3.78666666666664764040E-01 6.15358947112944143498E-01
3.79333333333331412796E-01 6.15900398894083211943E-01
3.79999999999998061551E-01 6.16441375106459688027E-01
3.80666666666664710306E-01 6.16981877000095657593E-01
3.81333333333331359061E-01 6.17521905819543026617E-01
3.81999999999998007816E-01 6.18061462803916827902E-01
3.82666666666664656571E-01 6.18600549186930082080E-01
3.83333333333331305326E-01 6.19139166196926660213E-01
3.83999999999997954081E-01 6.19677315056914923552E-01
3.84666666666664602836E-01 6.20214996984601030228E-01
3.85333333333331251591E-01 6.20752213192421353760E-01
3.85999999999997900346E-01 6.21288964887575678731E-01
3.86666666666664549101E-01 6.21825253272058953158E-01
3.87333333333331197856E-01 6.22361079542693595990E-01
3.87999999999997846611E-01 6.22896444891161138457E-01
3.88666666666664495366E-01 6.23431350504033865434E-01
3.89333333333331144122E-01 6.23965797562806234744E-01
3.89999999999997792877E-01 6.24499787243925408298E-01
3.90666666666664441632E-01 6.25033320718822449358E-01
3.91333333333331090387E-01 6.25566399153942742650E-01
3.91999999999997739142E-01 6.26099023710776192431E-01
3.92666666666664387897E-01 6.26631195545887198506E-01
3.93333333333331036652E-01 6.27162915810944410211E-01
3.93999999999997685407E-01 6.27694185652750591409E-01
3.94666666666664334162E-01 6.28225006213271264244E-01
3.95333333333330982917E-01 6.28755378629664352097E-01
3.95999999999997631672E-01 6.29285304034308823340E-01
3.96666666666664280427E-01 6.29814783554833224066E-01
3.97333333333330929182E-01 6.30343818314143766735E-01
3.97999999999997577937E-01 6.30872409430453306989E-01
3.98666666666664226693E-01 6.31400558017307877989E-01
3.99333333333330875448E-01 6.31928265183615667233E-01
3.99999999999997524203E-01 6.32455532033673883952E-01
4.00666666666664172958E-01 6.32982359667195848552E-01
4.01333333333330821713E-01 6.33508749179338304103E-01
4.01999999999997470468E-01 6.34034701660727728623E-01
4.02666666666664119223E-01 6.34560218197487868608E-01
4.03333333333330767978E-01 6.35085299871264941096E-01
4.03999999999997416733E-01 6.35609947759254501065E-01
4.04666666666664065488E-01 6.36134162934227198605E-01
4.05333333333330714243E-01 6.36657946464554314048E-01
4.05999999999997362998E-01 6.37181299414233848211E-01
4.06666666666664011753E-01 6.37704222842914947300E-01
4.07333333333330660508E-01 6.38226717805923882132E-01
4.07999999999997309263E-01 6.38748785354288362015E-01
4.08666666666663958019E-01 6.39270426534762736814E-01
4.09333333333330606774E-01 6.39791642389852088790E-01
4.09999999999997255529E-01 6.40312433957836768528E-01
4.10666666666663904284E-01 6.40832802272796486776E-01
4.11333333333330553039E-01 6.41352748364634295264E-01
4.11999999999997201794E-01 6.41872273259100345477E-01
4.12666666666663850549E-01 6.42391377977815314360E-01
4.13333333333330499304E-01 6.42910063538293941043E-01
4.13999999999997148059E-01 6.43428330953968119488E-01
4.14666666666663796814E-01 6.43946181234210102140E-01
4.15333333333330445569E-01 6.44463615384355037463E-01
4.15999999999997094324E-01 6.44980634405723840530E-01
4.16666666666663743079E-01 6.45497239295645508506E-01
4.17333333333330391834E-01 6.46013431047479769198E-01
4.17999999999997040590E-01 6.46529210650638730407E-01
4.18666666666663689345E-01 6.47044579090608973360E-01
4.19333333333330338100E-01 6.47559537348973757176E-01
4.19999999999996986855E-01 6.48074086403434224124E-01
4.20666666666663635610E-01 6.48588227227830715904E-01
4.21333333333330284365E-01 6.49101960792164534020E-01
4.21999999999996933120E-01 6.49615288062618700948E-01
4.22666666666663581875E-01 6.50128210001579054378E-01
4.23333333333330230630E-01 6.50640727567655119401E-01
4.23999999999996879385E-01 6.51152841715700425596E-01
4.24666666666663528140E-01 6.51664553396833712284E-01
4.25333333333330176895E-01 6.52175863558458135394E-01
4.25999999999996825650E-01 6.52686773144282694759E-01
4.26666666666663474405E-01 6.53197283094341218934E-01
4.27333333333330123160E-01 6.53707394345012793302E-01
4.27999999999996771916E-01 6.54217107829041522038E-01
4.28666666666663420671E-01 6.54726424475555957017E-01
4.29333333333330069426E-01 6.55235345210088193646E-01
4.29999999999996718181E-01 6.55743870954593854883E-01
4.30666666666663366936E-01 6.56252002627470631957E-01
4.31333333333330015691E-01 6.56759741143577713274E-01
4.31999999999996664446E-01 6.57267087414254214117E-01
4.32666666666663313201E-01 6.57774042347338383507E-01
4.33333333333329961956E-01 6.58280606847185811858E-01
4.33999999999996610711E-01 6.58786781814688082726E-01
4.34666666666663259466E-01 6.59292568147290869440E-01
4.35333333333329908221E-01 6.59797966739012475834E-01
4.35999999999996556976E-01 6.60302978480461710831E-01
4.36666666666663205731E-01 6.60807604258855429968E-01
4.37333333333329854486E-01 6.61311844958037076125E-01
4.37999999999996503242E-01 6.61815701458493665932E-01
4.38666666666663151997E-01 6.62319174637373886405E-01
4.39333333333329800752E-01 6.62822265368504970340E-01
4.39999999999996449507E-01 6.63324974522410237832E-01
4.40666666666663098262E-01 6.63827302966326526779E-01
4.41333333333329747017E-01 6.64329251564220846227E-01
4.41999999999996395772E-01 6.64830821176807251760E-01
4.42666666666663044527E-01 6.65332012661564164979E-01
4.43333333333329693282E-01 6.65832826872750471736E-01
4.43999999999996342037E-01 6.66333264661422508546E-01
4.44666666666662990792E-01 6.66833326875450493887E-01
4.45333333333329639547E-01 6.67333014359534404392E-01
4.45999999999996288302E-01 6.67832327955220850235E-01
4.46666666666662937057E-01 6.68331268500918840303E-01
4.47333333333329585813E-01 6.68829836831915991446E-01
4.47999999999996234568E-01 6.69328033780394071606E-01
4.48666666666662883323E-01 6.69825860175445209066E-01
4.49333333333329532078E-01 6.70323316843087324557E-01
4.49999999999996180833E-01 6.70820404606279896420E-01
4.50666666666662829588E-01 6.71317124284939281686E-01
4.51333333333329478343E-01 6.71813476695954148177E-01
4.51999999999996127098E-01 6.72309462653200906601E-01
4.52666666666662775853E-01 6.72805082967558587548E-01
4.53333333333329424608E-01 6.73300338446923940516E-01
4.53999999999996073363E-01 6.73795229896226977040E-01
4.54666666666662722118E-01 6.74289758117445070518E-01
4.55333333333329370873E-01 6.74783923909618055248E-01
4.55999999999996019628E-01 6.75277728068863214439E-01
4.56666666666662668383E-01 6.75771171388389380041E-01
4.57333333333329317139E-01 6.76264254658511698715E-01
4.57999999999995965894E-01 6.76756978666666064726E-01
4.58666666666662614649E-01 6.77249344197423219782E-01
4.59333333333329263404E-01 6.77741352032503185931E-01
4.59999999999995912159E-01 6.78233002950789365393E-01
4.60666666666662560914E-01 6.78724297728342418345E-01
4.61333333333329209669E-01 6.79215237138414584805E-01
4.61999999999995858424E-01 6.79705821951462896280E-01
4.62666666666662507179E-01 6.80196052935163830711E-01
4.63333333333329155934E-01 6.80685930854426302083E-01
4.63999999999995804689E-01 6.81175456471405427195E-01
4.64666666666662453444E-01 6.81664630545516403437E-01
4.65333333333329102199E-01 6.82153453833447498411E-01
4.65999999999995750954E-01 6.82641927089173705667E-01
4.66666666666662399710E-01 6.83130051063970067382E-01
4.67333333333329048465E-01 6.83617826506424441924E-01
4.67999999999995697220E-01 6.84105254162451048572E-01
4.68666666666662345975E-01 6.84592334775303679173E-01
4.69333333333328994730E-01 6.85079069085587799570E-01
4.69999999999995643485E-01 6.85565457831274538414E-01
4.70666666666662292240E-01 6.86051501747712788593E-01
4.71333333333328940995E-01 6.86537201567642196842E-01
4.71999999999995589750E-01 6.87022558021205598244E-01
4.72666666666662238505E-01 6.87507571835961894813E-01
4.73333333333328887260E-01 6.87992243736898489992E-01
4.73999999999995536015E-01 6.88476574446443612132E-01
4.74666666666662184770E-01 6.88960564684478637965E-01
4.75333333333328833525E-01 6.89444215168350860168E-01
4.75999999999995482280E-01 6.89927526612884922663E-01
4.76666666666662131036E-01 6.90410499730395699203E-01
4.77333333333328779791E-01 6.90893135230699950711E-01
4.77999999999995428546E-01 6.91375433821128759782E-01
4.78666666666662077301E-01 6.91857396206538854955E-01
4.79333333333328726056E-01 6.92339023089325045213E-01
4.79999999999995374811E-01 6.92820315169431766300E-01
4.80666666666662023566E-01 6.93301273144365071133E-01
4.81333333333328672321E-01 6.93781897709203843050E-01
4.81999999999995321076E-01 6.94262189556611897245E-01
4.82666666666661969831E-01 6.94742149376849416065E-01
4.83333333333328618586E-01 6.95221777857784162258E-01
4.83999999999995267341E-01 6.95701075684903247343E-01
4.84666666666661916096E-01 6.96180043541324344858E-01
4.85333333333328564851E-01 6.96658682107807125661E-01
4.85999999999995213606E-01 6.97136992062764027089E-01
4.86666666666661862362E-01 6.97614974082272021327E-01
4.87333333333328511117E-01 6.98092628840083495589E-01
4.87999999999995159872E-01 6.98569957007637243329E-01
4.88666666666661808627E-01 6.99046959254069344425E-01
4.89333333333328457382E-01 6.99523636246224489454E-01
4.89999999999995106137E-01 6.99999988648666415791E-01
4.90666666666661754892E-01 7.00476017123689120858E-01
4.91333333333328403647E-01 7.00951722331327409243E-01
4.91999999999995052402E-01 7.01427104929367439823E-01
4.92666666666661701157E-01 7.01902165573357605943E-01
4.93333333333328349912E-01 7.02376904916619082542E-01
4.93999999999994998667E-01 7.02851323610256373264E-01
4.94666666666661647422E-01 7.03325422303167524518E-01
4.95333333333328296177E-01 7.03799201642054894634E-01
4.95999999999994944933E-01 7.04272662271435478942E-01
4.96666666666661593688E-01 7.04745804833650901777E-01
4.97333333333328242443E-01 7.05218629968877852576E-01
4.97999999999994891198E-01 7.05691138315138299930E-01
4.98666666666661539953E-01 7.06163330508309816658E-01
4.99333333333328188708E-01 7.06635207182135238746E-01
4.99999999999994837463E-01 7.07106768968233101447E-01
5.00666666666661486218E-01 7.07578016496107298217E-01
5.01333333333328190484E-01 7.08048950393157405792E-01
5.01999999999994894750E-01 7.08519571284687899038E-01
5.02666666666661599017E-01 7.08989879793918920114E-01
5.03333333333328303283E-01 7.09459876541994938215E-01
5.03999999999995007549E-01 7.09929562147995518728E-01
5.04666666666661711815E-01 7.10398937228944427069E-01
5.05333333333328416082E-01 7.10868002399819176595E-01
5.05999999999995120348E-01 7.11336758273560909593E-01
5.06666666666661824614E-01 7.11805205461083501106E-01
5.07333333333328528880E-01 7.12273344571283772986E-01
5.07999999999995233146E-01 7.12741176211050153633E-01
5.08666666666661937413E-01 7.13208700985272114892E-01
5.09333333333328641679E-01 7.13675919496850053036E-01
5.09999999999995345945E-01 7.14142832346704059532E-01
5.10666666666662050211E-01 7.14609440133783246907E-01
5.11333333333328754478E-01 7.15075743455074963606E-01
5.11999999999995458744E-01 7.15541742905613675774E-01
5.12666666666662163010E-01 7.16007439078490848239E-01
5.13333333333328867276E-01 7.16472832564862716076E-01
5.13999999999995571542E-01 7.16937923953960387635E-01
5.14666666666662275809E-01 7.17402713833098171214E-01
5.15333333333328980075E-01 7.17867202787682567866E-01
5.15999999999995684341E-01 7.18331391401221042159E-01
5.16666666666662388607E-01 7.18795280255331348052E-01
5.17333333333329092873E-01 7.19258869929749300454E-01
5.17999999999995797140E-01 7.19722161002338212121E-01
5.18666666666662501406E-01 7.20185154049097331352E-01
5.19333333333329205672E-01 7.20647849644170612748E-01
5.19999999999995909938E-01 7.21110248359854599798E-01
5.20666666666662614205E-01 7.21572350766608416883E-01
5.21333333333329318471E-01 7.22034157433059875508E-01
5.21999999999996022737E-01 7.22495668926016465505E-01
5.22666666666662727003E-01 7.22956885810471794329E-01
5.23333333333329431269E-01 7.23417808649615245997E-01
5.23999999999996135536E-01 7.23878438004839086517E-01
5.24666666666662839802E-01 7.24338774435747678737E-01
5.25333333333329544068E-01 7.24798818500164920842E-01
5.25999999999996248334E-01 7.25258570754143239157E-01
5.26666666666662952601E-01 7.25718031751970804599E-01
5.27333333333329656867E-01 7.26177202046180081396E-01
5.27999999999996361133E-01 7.26636082187555931711E-01
5.28666666666663065399E-01 7.27094672725142943115E-01
5.29333333333329769665E-01 7.27552974206254199352E-01
5.29999999999996473932E-01 7.28010987176478829852E-01
5.30666666666663178198E-01 7.28468712179689670272E-01
5.31333333333329882464E-01 7.28926149758050923033E-01
5.31999999999996586730E-01 7.29383300452026595018E-01
5.32666666666663290997E-01 7.29840164800387491972E-01
5.33333333333329995263E-01 7.30296743340219212115E-01
5.33999999999996699529E-01 7.30753036606929695651E-01
5.34666666666663403795E-01 7.31209045134257107357E-01
5.35333333333330108061E-01 7.31664769454276608940E-01
5.35999999999996812328E-01 7.32120210097408685712E-01
5.36666666666663516594E-01 7.32575367592426252017E-01
5.37333333333330220860E-01 7.33030242466461756656E-01
5.37999999999996925126E-01 7.33484835245015176497E-01
5.38666666666663629393E-01 7.33939146451960899853E-01
5.39333333333330333659E-01 7.34393176609555053957E-01
5.39999999999997037925E-01 7.34846926238442832435E-01
5.40666666666663742191E-01 7.35300395857665489707E-01
5.41333333333330446457E-01 7.35753585984668001529E-01
5.41999999999997150724E-01 7.36206497135305837354E-01
5.42666666666663854990E-01 7.36659129823851732688E-01
5.43333333333330559256E-01 7.37111484563003016568E-01
5.43999999999997263522E-01 7.37563561863889272097E-01
5.44666666666663967789E-01 7.38015362236077665514E-01
5.45333333333330672055E-01 7.38466886187581605938E-01
5.45999999999997376321E-01 7.38918134224866518522E-01
5.46666666666664080587E-01 7.39369106852856727841E-01
5.47333333333330784853E-01 7.39819804574943229447E-01
5.47999999999997489120E-01 7.40270227892988574858E-01
5.48666666666664193386E-01 7.40720377307335864359E-01
5.49333333333330897652E-01 7.41170253316813409938E-01
5.49999999999997601918E-01 7.41619856418742506854E-01
5.50666666666664306184E-01 7.42069187108943872921E-01
5.51333333333331010451E-01 7.42518245881743754744E-01
5.51999999999997714717E-01 7.42967033229980700071E-01
5.52666666666664418983E-01 7.43415549645012108115E-01
5.53333333333331123249E-01 7.43863795616720668846E-01
5.53999999999997827516E-01 7.44311771633520358193E-01
5.54666666666664531782E-01 7.44759478182363543475E-01
5.55333333333331236048E-01 7.45206915748746312467E-01
5.55999999999997940314E-01 7.45654084816715467809E-01
5.56666666666664644580E-01 7.46100985868874855278E-01
5.57333333333331348847E-01 7.46547619386390692853E-01
5.57999999999998053113E-01 7.46993985848998454102E-01
5.58666666666664757379E-01 7.47440085735009196455E-01
5.59333333333331461645E-01 7.47885919521314668224E-01
5.59999999999998165912E-01 7.48331487683394303012E-01
5.60666666666664870178E-01 7.48776790695320659808E-01
5.61333333333331574444E-01 7.49221829029765640229E-01
5.61999999999998278710E-01 7.49666603158006372709E-01
5.62666666666664982976E-01 7.50111113549930985656E-01
5.63333333333331687243E-01 7.50555360674044380609E-01
5.63999999999998391509E-01 7.50999344997474782559E-01
5.64666666666665095775E-01 7.51443066985978291861E-01
5.65333333333331800041E-01 7.51886527103945545569E-01
5.65999999999998504308E-01 7.52329725814407268558E-01
5.66666666666665208574E-01 7.52772663579039713611E-01
5.67333333333331912840E-01 7.53215340858170101512E-01
5.67999999999998617106E-01 7.53657758110783060346E-01
5.68666666666665321372E-01 7.54099915794525177404E-01
5.69333333333332025639E-01 7.54541814365711438484E-01
5.69999999999998729905E-01 7.54983454279329668779E-01
5.70666666666665434171E-01 7.55424835989046972173E-01
5.71333333333332138437E-01 7.55865959947214727244E-01
5.71999999999998842704E-01 7.56306826604874027353E-01
5.72666666666665546970E-01 7.56747436411760676656E-01
5.73333333333332251236E-01 7.57187789816311296320E-01
5.73999999999998955502E-01 7.57627887265667654404E-01
5.74666666666665659768E-01 7.58067729205682772076E-01
5.75333333333332364035E-01 7.58507316080925475532E-01
5.75999999999999068301E-01 7.58946648334686058135E-01
5.76666666666665772567E-01 7.59385726408980943347E-01
5.77333333333332476833E-01 7.59824550744558346871E-01
5.77999999999999181099E-01 7.60263121780902939584E-01
5.78666666666665885366E-01 7.60701439956240954565E-01
5.79333333333332589632E-01 7.61139505707545294122E-01
5.79999999999999293898E-01 7.61577319470540747837E-01
5.80666666666665998164E-01 7.62014881679708211415E-01
5.81333333333332702431E-01 7.62452192768290459846E-01
5.81999999999999406697E-01 7.62889253168296255225E-01
5.82666666666666110963E-01 7.63326063310505786852E-01
5.83333333333332815229E-01 7.63762623624475556205E-01
5.83999999999999519495E-01 7.64198934538542373751E-01
5.84666666666666223762E-01 7.64634996479828910054E-01
5.85333333333332928028E-01 7.65070809874248025650E-01
5.85999999999999632294E-01 7.65506375146507767049E-01
5.86666666666666336560E-01 7.65941692720115696602E-01
5.87333333333333040827E-01 7.66376763017383777488E-01
5.87999999999999745093E-01 7.66811586459432925622E-01
5.88666666666666449359E-01 7.67246163466197339531E-01
5.89333333333333153625E-01 7.67680494456429496353E-01
5.89999999999999857891E-01 7.68114579847704481708E-01
5.90666666666666562158E-01 7.68548420056424097524E-01
5.91333333333333266424E-01 7.68982015497822080086E-01
5.91999999999999970690E-01 7.69415366585968096835E-01
5.92666666666666674956E-01 7.69848473733771632155E-01
5.93333333333333379223E-01 7.70281337352987649503E-01
5.94000000000000083489E-01 7.70713957854219811061E-01
5.94666666666666787755E-01 7.71146335646925251694E-01
5.95333333333333492021E-01 7.71578471139419019842E-01
5.96000000000000196287E-01 7.72010364738877852275E-01
5.96666666666666900554E-01 7.72442016851345170103E-01
5.97333333333333604820E-01 7.72873427881734187395E-01
5.98000000000000309086E-01 7.73304598233833684340E-01
5.98666666666667013352E-01 7.73735528310310338718E-01
5.99333333333333717619E-01 7.74166218512714610078E-01
6.00000000000000421885E-01 7.74596669241483626323E-01
6.00666666666667126151E-01 7.75026880895945846639E-01
6.01333333333333830417E-01 7.75456853874324836262E-01
6.02000000000000534683E-01 7.75886588573743596342E-01
6.02666666666667238950E-01 7.76316085390228560748E-01
6.03333333333333943216E-01 7.76745344718713370824E-01
6.04000000000000647482E-01 7.77174366953042983219E-01
6.04666666666667351748E-01 7.77603152485977888730E-01
6.05333333333334056015E-01 7.78031701709197220929E-01
6.06000000000000760281E-01 7.78460015013303974207E-01
6.06666666666667464547E-01 7.78888092787827335250E-01
6.07333333333334168813E-01 7.79315935421227901081E-01
6.08000000000000873079E-01 7.79743543300901120752E-01
6.08666666666667577346E-01 7.80170916813180514993E-01
6.09333333333334281612E-01 7.80598056343342006080E-01
6.10000000000000985878E-01 7.81024962275607914641E-01
6.10666666666667690144E-01 7.81451634993150401343E-01
6.11333333333334394410E-01 7.81878074878095130629E-01
6.12000000000001098677E-01 7.82304282311525156501E-01
6.12666666666667802943E-01 7.82730257673484586256E-01
6.13333333333334507209E-01 7.83156001342982244218E-01
6.14000000000001211475E-01 7.83581513697995335477E-01
6.14666666666667915742E-01 7.84006795115473553714E-01
6.15333333333334620008E-01 7.84431845971341523693E-01
6.16000000000001324274E-01 7.84856666640503797261E-01
6.16666666666668028540E-01 7.85281257496847517885E-01
6.17333333333334732806E-01 7.85705618913246417456E-01
6.18000000000001437073E-01 7.86129751261564146958E-01
6.18666666666668141339E-01 7.86553654912658162246E-01
6.19333333333334845605E-01 7.86977330236382610629E-01
6.20000000000001549871E-01 7.87400777601592882782E-01
6.20666666666668254138E-01 7.87823997376147833194E-01
6.21333333333334958404E-01 7.88246989926914110036E-01
6.22000000000001662670E-01 7.88669755619769707877E-01
6.22666666666668366936E-01 7.89092294819606965284E-01
6.23333333333335071202E-01 7.89514607890335784468E-01
6.24000000000001775469E-01 7.89936695194888072180E-01
6.24666666666668479735E-01 7.90358557095220071176E-01
6.25333333333335184001E-01 7.90780193952316357020E-01
6.26000000000001888267E-01 7.91201606126192835688E-01
6.26666666666668592534E-01 7.91622793975900629349E-01
6.27333333333335296800E-01 7.92043757859528962939E-01
6.28000000000002001066E-01 7.92464498134208494839E-01
6.28666666666668705332E-01 7.92885015156115202650E-01
6.29333333333335409598E-01 7.93305309280472936706E-01
6.30000000000002113865E-01 7.93725380861557416878E-01
6.30666666666668818131E-01 7.94145230252698786089E-01
6.31333333333335522397E-01 7.94564857806285607111E-01
6.32000000000002226663E-01 7.94984263873767860176E-01
6.32666666666668930930E-01 7.95403448805660273635E-01
6.33333333333335635196E-01 7.95822412951544988502E-01
6.34000000000002339462E-01 7.96241156660075666274E-01
6.34666666666669043728E-01 7.96659680278980375512E-01
6.35333333333335747994E-01 7.97077984155064478422E-01
6.36000000000002452261E-01 7.97496068634214294590E-01
6.36666666666669156527E-01 7.97913934061400098585E-01
6.37333333333335860793E-01 7.98331580780679450626E-01
6.38000000000002565059E-01 7.98749009135200083165E-01
6.38666666666669269325E-01 7.99166219467203342575E-01
6.39333333333335973592E-01 7.99583212118027297777E-01
6.40000000000002677858E-01 7.99999987428109626819E-01
6.40666666666669382124E-01 8.00416545736991169591E-01
6.41333333333336086390E-01 8.00832887383319147467E-01
6.42000000000002790657E-01 8.01249012704849716826E-01
6.42666666666669494923E-01 8.01664922038451077668E-01
6.43333333333336199189E-01 8.02080615720107692468E-01
6.44000000000002903455E-01 8.02496094084922062528E-01
6.44666666666669607721E-01 8.02911357467118613762E-01
6.45333333333336311988E-01 8.03326406200046583272E-01
6.46000000000003016254E-01 8.03741240616182683887E-01
6.46666666666669720520E-01 8.04155861047135323005E-01
6.47333333333336424786E-01 8.04570267823646156913E-01
6.48000000000003129053E-01 8.04984461275594531671E-01
6.48666666666669833319E-01 8.05398441731999703563E-01
6.49333333333336537585E-01 8.05812209521024169767E-01
6.50000000000003241851E-01 8.06225764969976665952E-01
6.50666666666669946117E-01 8.06639108405315274908E-01
6.51333333333336650384E-01 8.07052240152650424143E-01
6.52000000000003354650E-01 8.07465160536748216558E-01
6.52666666666670058916E-01 8.07877869881532650886E-01
6.53333333333336763182E-01 8.08290368510089396459E-01
6.54000000000003467449E-01 8.08702656744668790800E-01
6.54666666666670171715E-01 8.09114734906688504168E-01
6.55333333333336875981E-01 8.09526603316736537153E-01
6.56000000000003580247E-01 8.09938262294574440325E-01
6.56666666666670284513E-01 8.10349712159140644907E-01
6.57333333333336988780E-01 8.10760953228552572192E-01
6.58000000000003693046E-01 8.11171985820110408305E-01
6.58666666666670397312E-01 8.11582810250299546695E-01
6.59333333333337101578E-01 8.11993426834794029823E-01
6.60000000000003805845E-01 8.12403835888459435743E-01
6.60666666666670510111E-01 8.12814037725355653663E-01
6.61333333333337214377E-01 8.13224032658739659496E-01
6.62000000000003918643E-01 8.13633821001069290624E-01
6.62666666666670622909E-01 8.14043403064005355318E-01
6.63333333333337327176E-01 8.14452779158414963412E-01
6.64000000000004031442E-01 8.14861949594374634920E-01
6.64666666666670735708E-01 8.15270914681172853555E-01
6.65333333333337439974E-01 8.15679674727313286375E-01
6.66000000000004144241E-01 8.16088230040517559338E-01
6.66666666666670848507E-01 8.16496580927728587973E-01
6.67333333333337552773E-01 8.16904727695113130892E-01
6.68000000000004257039E-01 8.17312670648064565349E-01
6.68666666666670961305E-01 8.17720410091206439951E-01
6.69333333333337665572E-01 8.18127946328394695108E-01
6.70000000000004369838E-01 8.18535279662721437788E-01
6.70666666666671074104E-01 8.18942410396516606852E-01
6.71333333333337778370E-01 8.19349338831352191903E-01
6.72000000000004482636E-01 8.19756065268044453731E-01
6.72666666666671186903E-01 8.20162590006656699870E-01
6.73333333333337891169E-01 8.20568913346502615269E-01
6.74000000000004595435E-01 8.20975035586149370914E-01
6.74666666666671299701E-01 8.21380957023419289165E-01
6.75333333333338003968E-01 8.21786677955394062600E-01
6.76000000000004708234E-01 8.22192198678417307534E-01
6.76666666666671412500E-01 8.22597519488096784457E-01
6.77333333333338116766E-01 8.23002640679308283822E-01
6.78000000000004821032E-01 8.23407562546197402398E-01
6.78666666666671525299E-01 8.23812285382183540072E-01
6.79333333333338229565E-01 8.24216809479961787233E-01
6.80000000000004933831E-01 8.24621135131506144411E-01
6.80666666666671638097E-01 8.25025262628073075000E-01
6.81333333333338342364E-01 8.25429192260202948539E-01
6.82000000000005046630E-01 8.25832924317723926499E-01
6.82666666666671750896E-01 8.26236459089754515794E-01
6.83333333333338455162E-01 8.26639796864706233315E-01
6.84000000000005159428E-01 8.27042937930286381487E-01
6.84666666666671863695E-01 8.27445882573501823032E-01
6.85333333333338567961E-01 8.27848631080660091186E-01
6.86000000000005272227E-01 8.28251183737373830596E-01
6.86666666666671976493E-01 8.28653540828562462650E-01
6.87333333333338680760E-01 8.29055702638454961040E-01
6.88000000000005385026E-01 8.29457669450594181626E-01
6.88666666666672089292E-01 8.29859441547837750619E-01
6.89333333333338793558E-01 8.30261019212361395248E-01
6.90000000000005497824E-01 8.30662402725662607494E-01
6.90666666666672202091E-01 8.31063592368562198409E-01
6.91333333333338906357E-01 8.31464588421207517754E-01
6.92000000000005610623E-01 8.31865391163075451608E-01
6.92666666666672314889E-01 8.32266000872974753833E-01
6.93333333333339019156E-01 8.32666417829048710608E-01
6.94000000000005723422E-01 8.33066642308778471104E-01
6.94666666666672427688E-01 8.33466674588985045879E-01
6.95333333333339131954E-01 8.33866514945832304484E-01
6.96000000000005836220E-01 8.34266163654829528973E-01
6.96666666666672540487E-01 8.34665620990834189463E-01
6.97333333333339244753E-01 8.35064887228055052759E-01
6.98000000000005949019E-01 8.35463962640053625641E-01
6.98666666666672653285E-01 8.35862847499748040647E-01
6.99333333333339357551E-01 8.36261542079415054474E-01
7.00000000000006061818E-01 8.36660046650692379444E-01
7.00666666666672766084E-01 8.37058361484582569290E-01
7.01333333333339470350E-01 8.37456486851453796305E-01
7.02000000000006174616E-01 8.37854423021043848152E-01
7.02666666666672878883E-01 8.38252170262462570349E-01
7.03333333333339583149E-01 8.38649728844193087518E-01
7.04000000000006287415E-01 8.39047099034096133252E-01
7.04666666666672991681E-01 8.39444281099411382385E-01
7.05333333333339695947E-01 8.39841275306760448593E-01
7.06000000000006400214E-01 8.40238081922149326886E-01
7.06666666666673104480E-01 8.40634701210970725072E-01
7.07333333333339808746E-01 8.41031133438006728298E-01
7.08000000000006513012E-01 8.41427378867430908471E-01
7.08666666666673217279E-01 8.41823437762811432883E-01
7.09333333333339921545E-01 8.42219310387112840566E-01
7.10000000000006625811E-01 8.42614997002698817852E-01
7.10666666666673330077E-01 8.43010497871333863706E-01
7.11333333333340034343E-01 8.43405813254187175509E-01
7.12000000000006738610E-01 8.43800943411833315189E-01
7.12666666666673442876E-01 8.44195888604255983978E-01
7.13333333333340147142E-01 8.44590649090848910596E-01
7.14000000000006851408E-01 8.44985225130419403961E-01
7.14666666666673555675E-01 8.45379616981190462610E-01
7.15333333333340259941E-01 8.45773824900801995952E-01
7.16000000000006964207E-01 8.46167849146314265951E-01
7.16666666666673668473E-01 8.46561689974209885534E-01
7.17333333333340372739E-01 8.46955347640395039832E-01
7.18000000000007077006E-01 8.47348822400203260941E-01
7.18666666666673781272E-01 8.47742114508396316097E-01
7.19333333333340485538E-01 8.48135224219167205284E-01
7.20000000000007189804E-01 8.48528151786141382473E-01
7.20666666666673894071E-01 8.48920897462379642207E-01
7.21333333333340598337E-01 8.49313461500380562086E-01
7.22000000000007302603E-01 8.49705844152080835840E-01
7.22666666666674006869E-01 8.50098045668858937063E-01
7.23333333333340711135E-01 8.50490066301537339655E-01
7.24000000000007415402E-01 8.50881906300382961916E-01
7.24666666666674119668E-01 8.51273565915109831082E-01
7.25333333333340823934E-01 8.51665045394882080920E-01
7.26000000000007528200E-01 8.52056344988314617872E-01
7.26666666666674232467E-01 8.52447464943474786381E-01
7.27333333333340936733E-01 8.52838405507885810586E-01
7.28000000000007640999E-01 8.53229166928527238412E-01
7.28666666666674345265E-01 8.53619749451837495080E-01
7.29333333333341049531E-01 8.54010153323715215379E-01
7.30000000000007753798E-01 8.54400378789521131040E-01
7.30666666666674458064E-01 8.54790426094079958119E-01
7.31333333333341162330E-01 8.55180295481682506420E-01
7.32000000000007866596E-01 8.55569987196086900738E-01
7.32666666666674570862E-01 8.55959501480520135175E-01
7.33333333333341275129E-01 8.56348838577679849493E-01
7.34000000000007979395E-01 8.56737998729736216497E-01
7.34666666666674683661E-01 8.57126982178333385320E-01
7.35333333333341387927E-01 8.57515789164590924720E-01
7.36000000000008092194E-01 8.57904419929105710452E-01
7.36666666666674796460E-01 8.58292874711952480382E-01
7.37333333333341500726E-01 8.58681153752687276182E-01
7.38000000000008204992E-01 8.59069257290346555145E-01
7.38666666666674909258E-01 8.59457185563450409838E-01
7.39333333333341613525E-01 8.59844938810002790142E-01
7.40000000000008317791E-01 8.60232517267493612678E-01
7.40666666666675022057E-01 8.60619921172900204098E-01
7.41333333333341726323E-01 8.61007150762687967216E-01
7.42000000000008430590E-01 8.61394206272811935321E-01
7.42666666666675134856E-01 8.61781087938718437513E-01
7.43333333333341839122E-01 8.62167795995345542792E-01
7.44000000000008543388E-01 8.62554330677125391524E-01
7.44666666666675247654E-01 8.62940692217983751355E-01
7.45333333333341951921E-01 8.63326880851343236856E-01
7.46000000000008656187E-01 8.63712896810122643387E-01
7.46666666666675360453E-01 8.64098740326738501416E-01
7.47333333333342064719E-01 8.64484411633107074913E-01
7.48000000000008768986E-01 8.64869910960644028286E-01
7.48666666666675473252E-01 8.65255238540265869673E-01
7.49333333333342177518E-01 8.65640394602392393431E-01
7.50000000000008881784E-01 8.66025379376944681731E-01
7.50666666666675586050E-01 8.66410193093349212390E-01
7.51333333333342290317E-01 8.66794835980535305353E-01
7.52000000000008994583E-01 8.67179308266940229721E-01
7.52666666666675698849E-01 8.67563610180505206948E-01
7.53333333333342403115E-01 8.67947741948681850133E-01
7.54000000000009107382E-01 8.68331703798425946772E-01
7.54666666666675811648E-01 8.68715495956205119299E-01
7.55333333333342515914E-01 8.69099118647995050324E-01
7.56000000000009220180E-01 8.69482572099281925126E-01
7.56666666666675924446E-01 8.69865856535062542676E-01
7.57333333333342628713E-01 8.70248972179845647901E-01
7.58000000000009332979E-01 8.70631919257651376576E-01
7.58666666666676037245E-01 8.71014697992012920658E-01
7.59333333333342741511E-01 8.71397308605976639306E-01
7.60000000000009445777E-01 8.71779751322102391953E-01
7.60666666666676150044E-01 8.72162026362464648521E-01
7.61333333333342854310E-01 8.72544133948652045341E-01
7.62000000000009558576E-01 8.72926074301768717412E-01
7.62666666666676262842E-01 8.73307847642434409430E-01
7.63333333333342967109E-01 8.73689454190784364762E-01
7.64000000000009671375E-01 8.74070894166470990783E-01
7.64666666666676375641E-01 8.74452167788662415582E-01
7.65333333333343079907E-01 8.74833275276044486368E-01
7.66000000000009784173E-01 8.75214216846819992313E-01
7.66666666666676488440E-01 8.75594992718709885793E-01
7.67333333333343192706E-01 8.75975603108952061149E-01
7.68000000000009896972E-01 8.76356048234303353084E-01
7.68666666666676601238E-01 8.76736328311038537464E-01
7.69333333333343305505E-01 8.77116443554950886430E-01
7.70000000000010009771E-01 8.77496394181352390440E-01
7.70666666666676714037E-01 8.77876180405074535429E-01
7.71333333333343418303E-01 8.78255802440466748493E-01
7.72000000000010122569E-01 8.78635260501398396293E-01
7.72666666666676826836E-01 8.79014554801257563810E-01
7.73333333333343531102E-01 8.79393685552951942519E-01
7.74000000000010235368E-01 8.79772652968909274485E-01
7.74666666666676939634E-01 8.80151457261075242933E-01
7.75333333333343643901E-01 8.80530098640916247810E-01
7.76000000000010348167E-01 8.80908577319417851470E-01
7.76666666666677052433E-01 8.81286893507085111743E-01
7.77333333333343756699E-01 8.81665047413943581134E-01
7.78000000000010460965E-01 8.82043039249536531266E-01
7.78666666666677165232E-01 8.82420869222928616615E-01
7.79333333333343869498E-01 8.82798537542703098957E-01
7.80000000000010573764E-01 8.83176044416962957584E-01
7.80666666666677278030E-01 8.83553390053330889309E-01
7.81333333333343982297E-01 8.83930574658948753353E-01
7.82000000000010686563E-01 8.84307598440478348500E-01
7.82666666666677390829E-01 8.84684461604099969811E-01
7.83333333333344095095E-01 8.85061164355514407021E-01
7.84000000000010799361E-01 8.85437706899939946936E-01
7.84666666666677503628E-01 8.85814089442116148199E-01
7.85333333333344207894E-01 8.86190312186300621633E-01
7.86000000000010912160E-01 8.86566375336270140473E-01
7.86666666666677616426E-01 8.86942279095320529336E-01
7.87333333333344320693E-01 8.87318023666266997296E-01
7.88000000000011024959E-01 8.87693609251443360719E-01
7.88666666666677729225E-01 8.88069036052702820427E-01
7.89333333333344433491E-01 8.88444304271417184538E-01
7.90000000000011137757E-01 8.88819414108477534597E-01
7.90666666666677842024E-01 8.89194365764292782295E-01
7.91333333333344546290E-01 8.89569159438792333994E-01
7.92000000000011250556E-01 8.89943795331423759265E-01
7.92666666666677954822E-01 8.90318273641153901110E-01
7.93333333333344659088E-01 8.90692594566468098805E-01
7.94000000000011363355E-01 8.91066758305370854032E-01
7.94666666666678067621E-01 8.91440765055387385196E-01
7.95333333333344771887E-01 8.91814615013559630619E-01
7.96000000000011476153E-01 8.92188308376451799653E-01
7.96666666666678180420E-01 8.92561845340145265659E-01
7.97333333333344884686E-01 8.92935226100242784852E-01
7.98000000000011588952E-01 8.93308450851866497899E-01
7.98666666666678293218E-01 8.93681519789658818098E-01
7.99333333333344997484E-01 8.94054433107782875467E-01
8.00000000000011701751E-01 8.94427190999922294701E-01
8.00666666666678406017E-01 8.94799793659282194369E-01
8.01333333333345110283E-01 8.95172241278589186919E-01
8.02000000000011814549E-01 8.95544534050091267652E-01
8.02666666666678518816E-01 8.95916672165558924945E-01
8.03333333333345223082E-01 8.96288655816286361500E-01
8.04000000000011927348E-01 8.96660485193090051048E-01
8.04666666666678631614E-01 8.97032160486310625735E-01
8.05333333333345335880E-01 8.97403681885813209185E-01
8.06000000000012040147E-01 8.97775049580988748765E-01
8.06666666666678744413E-01 8.98146263760753349459E-01
8.07333333333345448679E-01 8.98517324613549939194E-01
8.08000000000012152945E-01 8.98888232327349046002E-01
8.08666666666678857212E-01 8.99258987089648798019E-01
8.09333333333345561478E-01 8.99629589087477810061E-01
8.10000000000012265744E-01 9.00000038507393851361E-01
8.10666666666678970010E-01 9.00370335535486177037E-01
8.11333333333345674276E-01 9.00740480357376416265E-01
8.12000000000012378543E-01 9.01110473158219571488E-01
8.12666666666679082809E-01 9.01480314122705350677E-01
8.13333333333345787075E-01 9.01850003435059943691E-01
8.14000000000012491341E-01 9.02219541279045911253E-01
8.14666666666679195608E-01 9.02588927837965515621E-01
8.15333333333345899874E-01 9.02958163294660276499E-01
8.16000000000012604140E-01 9.03327247831514523746E-01
8.16666666666679308406E-01 9.03696181630455841471E-01
8.17333333333346012672E-01 9.04064964872956622344E-01
8.18000000000012716939E-01 9.04433597740036510082E-01
8.18666666666679421205E-01 9.04802080412263842746E-01
8.19333333333346125471E-01 9.05170413069758317270E-01
8.20000000000012829737E-01 9.05538595892192432757E-01
8.20666666666679534003E-01 9.05906629058793044784E-01
8.21333333333346238270E-01 9.06274512748345473234E-01
8.22000000000012942536E-01 9.06642247139193946381E-01
8.22666666666679646802E-01 9.07009832409244487472E-01
8.23333333333346351068E-01 9.07377268735969133573E-01
8.24000000000013055335E-01 9.07744556296404714324E-01
8.24666666666679759601E-01 9.08111695267160401457E-01
8.25333333333346463867E-01 9.08478685824416154482E-01
8.26000000000013168133E-01 9.08845528143928715892E-01
8.26666666666679872399E-01 9.09212222401032943431E-01
8.27333333333346576666E-01 9.09578768770645029740E-01
8.28000000000013280932E-01 9.09945167427266832227E-01
8.28666666666679985198E-01 9.10311418544987649426E-01
8.29333333333346689464E-01 9.10677522297490216197E-01
8.30000000000013393731E-01 9.11043478858049260438E-01
8.30666666666680097997E-01 9.11409288399542050207E-01
8.31333333333346802263E-01 9.11774951094445618160E-01
8.32000000000013506529E-01 9.12140467114845310270E-01
8.32666666666680210795E-01 9.12505836632436340139E-01
8.33333333333346915062E-01 9.12871059818529007046E-01
8.34000000000013619328E-01 9.13236136844051027417E-01
8.34666666666680323594E-01 9.13601067879555750473E-01
8.35333333333347027860E-01 9.13965853095222824365E-01
8.36000000000013732127E-01 9.14330492660864857513E-01
8.36666666666680436393E-01 9.14694986745929861094E-01
8.37333333333347140659E-01 9.15059335519511019008E-01
8.38000000000013844925E-01 9.15423539150345355608E-01
8.38666666666680549191E-01 9.15787597806823616686E-01
8.39333333333347253458E-01 9.16151511656993489119E-01
8.40000000000013957724E-01 9.16515280868565263006E-01
8.40666666666680661990E-01 9.16878905608917604830E-01
8.41333333333347366256E-01 9.17242386045101665282E-01
8.42000000000014070523E-01 9.17605722343850183087E-01
8.42666666666680774789E-01 9.17968914671579927500E-01
8.43333333333347479055E-01 9.18331963194399469863E-01
8.44000000000014183321E-01 9.18694868078114512677E-01
8.44666666666680887587E-01 9.19057629488235550141E-01
8.45333333333347591854E-01 9.19420247589982642111E-01
8.46000000000014296120E-01 9.19782722548292741571E-01
8.46666666666681000386E-01 9.20145054527826355972E-01
8.47333333333347704652E-01 9.20507243692974430616E-01
8.48000000000014408919E-01 9.20869290207865232034E-01
8.48666666666681113185E-01 9.21231194236369899109E-01
8.49333333333347817451E-01 9.21592955942114322454E-01
8.50000000000014521717E-01 9.21954575488479033396E-01
8.50666666666681225983E-01 9.22316053038615191184E-01
8.51333333333347930250E-01 9.22677388755445027080E-01
8.52000000000014634516E-01 9.23038582801671836364E-01
8.52666666666681338782E-01 9.23399635339790636479E-01
8.53333333333348043048E-01 9.23760546532093274052E-01
8.54000000000014747314E-01 9.24121316540675752371E-01
8.54666666666681451581E-01 9.24481945527449111566E-01
8.55333333333348155847E-01 9.24842433654146200972E-01
8.56000000000014860113E-01 9.25202781082330116824E-01
8.56666666666681564379E-01 9.25562987973403306086E-01
8.57333333333348268646E-01 9.25923054488615671076E-01
8.58000000000014972912E-01 9.26282980789074228412E-01
8.58666666666681677178E-01 9.26642767035750436477E-01
8.59333333333348381444E-01 9.27002413389491186635E-01
8.60000000000015085710E-01 9.27361920011028129096E-01
8.60666666666681789977E-01 9.27721287060981780748E-01
8.61333333333348494243E-01 9.28080514699879732810E-01
8.62000000000015198509E-01 9.28439603088156650834E-01
8.62666666666681902775E-01 9.28798552386171705209E-01
8.63333333333348607042E-01 9.29157362754212567957E-01
8.64000000000015311308E-01 9.29516034352508291327E-01
8.64666666666682015574E-01 9.29874567341237634466E-01
8.65333333333348719840E-01 9.30232961880539055421E-01
8.66000000000015424106E-01 9.30591218130520814178E-01
8.66666666666682128373E-01 9.30949336251271075682E-01
8.67333333333348832639E-01 9.31307316402867235716E-01
8.68000000000015536905E-01 9.31665158745387356198E-01
8.68666666666682241171E-01 9.32022863438918491852E-01
8.69333333333348945438E-01 9.32380430643568236526E-01
8.70000000000015649704E-01 9.32737860519474271115E-01
8.70666666666682353970E-01 9.33095153226814022496E-01
8.71333333333349058236E-01 9.33452308925817542118E-01
8.72000000000015762502E-01 9.33809327776773612229E-01
8.72666666666682466769E-01 9.34166209940042513438E-01
8.73333333333349171035E-01 9.34522955576067793082E-01
8.74000000000015875301E-01 9.34879564845383703720E-01
8.74666666666682579567E-01 9.35236037908625084114E-01
8.75333333333349283834E-01 9.35592374926540015778E-01
8.76000000000015988100E-01 9.35948576059999259869E-01
8.76666666666682692366E-01 9.36304641470005583059E-01
8.77333333333349396632E-01 9.36660571317703971594E-01
8.78000000000016100898E-01 9.37016365764392289428E-01
8.78666666666682805165E-01 9.37372024971530160009E-01
8.79333333333349509431E-01 9.37727549100751400779E-01
8.80000000000016213697E-01 9.38082938313869019176E-01
8.80666666666682917963E-01 9.38438192772889756554E-01
8.81333333333349622229E-01 9.38793312640020971571E-01
8.82000000000016326496E-01 9.39148298077680077078E-01
8.82666666666683030762E-01 9.39503149248504754176E-01
8.83333333333349735028E-01 9.39857866315361500931E-01
8.84000000000016439294E-01 9.40212449441355624380E-01
8.84666666666683143561E-01 9.40566898789836791650E-01
8.85333333333349847827E-01 9.40921214524411575475E-01
8.86000000000016552093E-01 9.41275396808950115535E-01
8.86666666666683256359E-01 9.41629445807591447526E-01
8.87333333333349960625E-01 9.41983361684757491972E-01
8.88000000000016664892E-01 9.42337144605153831378E-01
8.88666666666683369158E-01 9.42690794733781700643E-01
8.89333333333350073424E-01 9.43044312235943760214E-01
8.90000000000016777690E-01 9.43397697277250091297E-01
8.90666666666683481957E-01 9.43750950023624413099E-01
8.91333333333350186223E-01 9.44104070641311410306E-01
8.92000000000016890489E-01 9.44457059296879841703E-01
8.92666666666683594755E-01 9.44809916157232199119E-01
8.93333333333350299021E-01 9.45162641389604374353E-01
8.94000000000017003288E-01 9.45515235161573874834E-01
8.94666666666683707554E-01 9.45867697641060378722E-01
8.95333333333350411820E-01 9.46220028996333506477E-01
8.96000000000017116086E-01 9.46572229396011377567E-01
8.96666666666683820353E-01 9.46924299009065939536E-01
8.97333333333350524619E-01 9.47276238004822301875E-01
8.98000000000017228885E-01 9.47628046552964287130E-01
8.98666666666683933151E-01 9.47979724823530323086E-01
8.99333333333350637417E-01 9.48331272986915108092E-01
9.00000000000017341684E-01 9.48682691213870721292E-01
9.00666666666684045950E-01 9.49033979675504180129E-01
9.01333333333350750216E-01 9.49385138543273776612E-01
9.02000000000017454482E-01 9.49736167988990409583E-01
9.02666666666684158749E-01 9.50087068184807592708E-01
9.03333333333350863015E-01 9.50437839303225118215E-01
9.04000000000017567281E-01 9.50788481517078509775E-01
9.04666666666684271547E-01 9.51138994999533027297E-01
9.05333333333350975813E-01 9.51489379924079226036E-01
9.06000000000017680080E-01 9.51839636464525851167E-01
9.06666666666684384346E-01 9.52189764794985848972E-01
9.07333333333351088612E-01 9.52539765089873036175E-01
9.08000000000017792878E-01 9.52889637523885557613E-01
9.08666666666684497145E-01 9.53239382271999224905E-01
9.09333333333351201411E-01 9.53588999509450530034E-01
9.10000000000017905677E-01 9.53938489411722767564E-01
9.10666666666684609943E-01 9.54287852154534488314E-01
9.11333333333351314209E-01 9.54637087913818405127E-01
9.12000000000018018476E-01 9.54986196865706182813E-01
9.12666666666684722742E-01 9.55335179186506677773E-01
9.13333333333351427008E-01 9.55684035052689506706E-01
9.14000000000018131274E-01 9.56032764640859400451E-01
9.14666666666684835540E-01 9.56381368127734221574E-01
9.15333333333351539807E-01 9.56729845690120983548E-01
9.16000000000018244073E-01 9.57078197504886318825E-01
9.16666666666684948339E-01 9.57426423748932831082E-01
9.17333333333351652605E-01 9.57774524599165122396E-01
9.18000000000018356872E-01 9.58122500232463480963E-01
9.18666666666685061138E-01 9.58470350825643802040E-01
9.19333333333351765404E-01 9.58818076555429388286E-01
9.20000000000018469670E-01 9.59165677598411203775E-01
9.20666666666685173936E-01 9.59513154131008128012E-01
9.21333333333351878203E-01 9.59860506329428986305E-01
9.22000000000018582469E-01 9.60207734369627918802E-01
9.22666666666685286735E-01 9.60554838427259638500E-01
9.23333333333351991001E-01 9.60901818677634800281E-01
9.24000000000018695268E-01 9.61248675295666932250E-01
9.24666666666685399534E-01 9.61595408455825695349E-01
9.25333333333352103800E-01 9.61942018332079373799E-01
9.26000000000018808066E-01 9.62288505097841029290E-01
9.26666666666685512332E-01 9.62634868925909326087E-01
9.27333333333352216599E-01 9.62981109988405026279E-01
9.28000000000018920865E-01 9.63327228456714368399E-01
9.28666666666685625131E-01 9.63673224501412906129E-01
9.29333333333352329397E-01 9.64019098292204223988E-01
9.30000000000019033664E-01 9.64364849997845663410E-01
9.30666666666685737930E-01 9.64710479786070940200E-01
9.31333333333352442196E-01 9.65055987823514538348E-01
9.32000000000019146462E-01 9.65401374275632662147E-01
9.32666666666685850728E-01 9.65746639306615972664E-01
9.33333333333352554995E-01 9.66091783079305876925E-01
9.34000000000019259261E-01 9.66436805755097383397E-01
9.34666666666685963527E-01 9.66781707493855169133E-01
9.35333333333352667793E-01 9.67126488453806443246E-01
9.36000000000019372060E-01 9.67471148791446911019E-01
9.36666666666686076326E-01 9.67815688661433526363E-01
9.37333333333352780592E-01 9.68160108216476023024E-01
9.38000000000019484858E-01 9.68504407607224671040E-01
9.38666666666686189124E-01 9.68848586982156589897E-01
9.39333333333352893391E-01 9.69192646487451958670E-01
9.40000000000019597657E-01 9.69536586266873667839E-01
9.40666666666686301923E-01 9.69880406461635424797E-01
9.41333333333353006189E-01 9.70224107210272301849E-01
9.42000000000019710455E-01 9.70567688648500848103E-01
9.42666666666686414722E-01 9.70911150909078646265E-01
9.43333333333353118988E-01 9.71254494121659428529E-01
9.44000000000019823254E-01 9.71597718412638533536E-01
9.44666666666686527520E-01 9.71940823905000139682E-01
9.45333333333353231787E-01 9.72283810718155616648E-01
9.46000000000019936053E-01 9.72626678967774549456E-01
9.46666666666686640319E-01 9.72969428765620536481E-01
9.47333333333353344585E-01 9.73312060219366670388E-01
9.48000000000020048851E-01 9.73654573432417791423E-01
9.48666666666686753118E-01 9.73996968503723081767E-01
9.49333333333353457384E-01 9.74339245527581110373E-01
9.50000000000020161650E-01 9.74681404593441880202E-01
9.50666666666686865916E-01 9.75023445785701992072E-01
9.51333333333353570183E-01 9.75365369183491592864E-01
9.52000000000020274449E-01 9.75707174860458881227E-01
9.52666666666686978715E-01 9.76048862884547507868E-01
9.53333333333353682981E-01 9.76390433317760653154E-01
9.54000000000020387247E-01 9.76731886215930655837E-01
9.54666666666687091514E-01 9.77073221628473653766E-01
9.55333333333353795780E-01 9.77414439598132678277E-01
9.56000000000020500046E-01 9.77755540160730407528E-01
9.56666666666687204312E-01 9.78096523344895274477E-01
9.57333333333353908579E-01 9.78437389171793681086E-01
9.58000000000020612845E-01 9.78778137654846225324E-01
9.58666666666687317111E-01 9.79118768799445371442E-01
9.59333333333354021377E-01 9.79459282602655245675E-01
9.60000000000020725643E-01 9.79799679052906768995E-01
9.60666666666687429910E-01 9.80139958129692789868E-01
9.61333333333354134176E-01 9.80480119803238570064E-01
9.62000000000020838442E-01 9.80820164034180486112E-01
9.62666666666687542708E-01 9.81160090773221749139E-01
9.63333333333354246975E-01 9.81499899960792343556E-01
9.64000000000020951241E-01 9.81839591526688981737E-01
9.64666666666687655507E-01 9.82179165389708286327E-01
9.65333333333354359773E-01 9.82518621457279306419E-01
9.66000000000021064039E-01 9.82857959625070165544E-01
9.66666666666687768306E-01 9.83197179776602703249E-01
9.67333333333354472572E-01 9.83536281782840915433E-01
9.68000000000021176838E-01 9.83875265501780393862E-01
9.68666666666687881104E-01 9.84214130778022999735E-01
9.69333333333354585371E-01 9.84552877442339879899E-01
9.70000000000021289637E-01 9.84891505311224157992E-01
9.70666666666687993903E-01 9.85230014186436187096E-01
9.71333333333354698169E-01 9.85568403854531038810E-01
9.72000000000021402435E-01 9.85906674086381107358E-01
9.72666666666688106702E-01 9.86244824636677619445E-01
9.73333333333354810968E-01 9.86582855243435585813E-01
9.74000000000021515234E-01 9.86920765627466223258E-01
9.74666666666688219500E-01 9.87258555491854372654E-01
9.75333333333354923766E-01 9.87596224521417043185E-01
9.76000000000021628033E-01 9.87933772382143859936E-01
9.76666666666688332299E-01 9.88271198720630850154E-01
9.77333333333355036565E-01 9.88608503163499019450E-01
9.78000000000021740831E-01 9.88945685316799383280E-01
9.78666666666688445098E-01 9.89282744765401123033E-01
9.79333333333355149364E-01 9.89619681072369972163E-01
9.80000000000021853630E-01 9.89956493778329060795E-01
9.80666666666688557896E-01 9.90293182400805327426E-01
9.81333333333355262162E-01 9.90629746433561275687E-01
9.82000000000021966429E-01 9.90966185345911965143E-01
9.82666666666688670695E-01 9.91302498582025792828E-01
9.83333333333355374961E-01 9.91638685560209287573E-01
9.84000000000022079227E-01 9.91974745672174362809E-01
9.84666666666688783494E-01 9.92310678282290914431E-01
9.85333333333355487760E-01 9.92646482726824208598E-01
9.86000000000022192026E-01 9.92982158313149954054E-01
9.86666666666688896292E-01 9.93317704318955052578E-01
9.87333333333355600558E-01 9.93653119991425248791E-01
9.88000000000022304825E-01 9.93988404546401471684E-01
9.88666666666689009091E-01 9.94323557167535732049E-01
9.89333333333355713357E-01 9.94658577005409272331E-01
9.90000000000022417623E-01 9.94993463176649051150E-01
9.90666666666689121890E-01 9.95328214763012697475E-01
9.91333333333355826156E-01 9.95662830810460475206E-01
9.92000000000022530422E-01 9.95997310328200158303E-01
9.92666666666689234688E-01 9.96331652287719138350E-01
9.93333333333355938954E-01 9.96665855621796326069E-01
9.94000000000022643221E-01 9.96999919223479413866E-01
9.94666666666689347487E-01 9.97333841945058474643E-01
9.95333333333356051753E-01 9.97667622597007031082E-01
9.96000000000022756019E-01 9.98001259946901031483E-01
9.96666666666689460286E-01 9.98334752718318174658E-01
9.97333333333356164552E-01 9.98668099589717694897E-01
9.98000000000022868818E-01 9.99001299193283176514E-01
9.98666666666689573084E-01 9.99334350113761149537E-01
9.99333333333356277350E-01 9.99667250887255165459E-01
